89
33
65
7
42
78
76
90
59
26
51
86
21
41
40
22
15
6
65
56
44
33
35
7
72
73
50
5
20
83
92
62
64
37
50
3
27
25
7
10
92
67
40
36
39
87
84
42
70
28
25
50
10
4
98
56
98
57
35
68
28
70
70
76
34
88
22
84
91
36
95
89
99
55
63
77
93
98
68
84
89
8
34
92
57
41
52
59
38
93
4
69
90
38
82
22
96
63
2
50
65
0
51
34
33
36
51
55
41
21
63
99
89
51
78
20
35
78
19
92
36
62
45
97
31
25
99
60
72
41
80
29
96
17
18
89
57
0
59
21
89
96
18
17
30
5
80
39
60
62
86
17
44
9
14
2
54
53
2
7
36
91
82
0
40
34
3
71
32
89
63
34
19
97
2
40
44
27
66
26
44
59
0
10
54
63
84
86
3
15
34
3
98
51
84
98
13
17
76
96
2
9
6
70
99
51
98
47
7
74
58
26
87
75
62
76
91
72
46
77
49
16
68
17
54
59
36
68
12
4
26
26
50
70
24
35
53
29
11
2
64
36
79
28
57
7
15
23
88
7
6
40
71
99
46
85
41
89
15
39
15
30
34
2
47
31
75
17
51
27
23
62
60
43
12
13
37
39
59
46
44
12
79
5
97
85
55
51
23
39
93
64
13
72
86
34
2
76
80
25
32
98
71
60
84
44
80
27
86
33
47
1
29
68
95
2
50
29
4
62
75
24
93
11
33
59
48
88
57
77
10
60
58
34
14
45
41
19
20
53
5
28
64
89
91
92
34
44
77
83
84
72
72
18
49
7
4
59
26
25
96
91
70
8
22
86
42
95
54
49
61
31
8
51
56
47
59
4
20
41
24
3
11
73
93
37
88
40
84
7
40
81
92
95
57
14
57
55
67
4
49
39
90
27
21
53
64
20
62
1
47
0
39
85
0
92
79
96
15
84
97
2
10
47
9
80
39
12
93
41
90
3
36
15
92
85
13
84
51
40
73
67
78
82
59
40
41
7
95
65
34
61
40
82
6
46
28
43
18
41
14
51
27
20
11
44
63
23
92
14
79
95
45
75
11
30
24
27
87
69
38
31
17
28
7
28
63
54
9
45
56
69
66
10
26
22
40
57
71
15
76
18
14
80
85
39
16
65
71
76
22
0
55
49
2
82
34
98
13
82
80
9
14
46
57
9
29
34
48
88
89
66
56
72
92
20
17
36
42
67
12
98
83
32
23
55
14
16
7
44
88
41
44
88
34
67
3
67
22
76
9
81
16
82
87
56
44
82
56
81
64
97
55
45
69
82
25
82
23
2
95
12
26
4
0
47
21
68
38
25
17
49
13
66
58
31
81
0
45
66
11
31
60
26
79
90
85
99
18
51
41
21
44
20
81
97
54
11
82
39
34
76
44
30
64
15
83
89
86
38
0
25
37
56
90
63
52
0
25
9
61
21
49
86
84
96
4
93
84
60
76
70
18
5
32
35
87
29
61
63
7
96
12
80
51
16
84
87
30
18
44
54
85
72
78
12
26
57
46
68
10
90
4
26
61
30
6
31
24
55
75
22
38
62
2
65
9
69
35
68
11
16
62
66
15
21
84
46
27
19
8
29
82
92
52
16
91
86
18
20
9
52
63
74
42
22
15
23
69
13
3
57
22
78
56
93
27
38
10
39
46
60
4
5
46
46
40
46
9
86
73
22
51
15
58
59
53
88
24
93
6
60
76
13
15
51
6
4
36
58
88
53
76
78
73
49
47
58
27
95
81
69
13
83
39
81
6
7
19
96
40
39
13
16
33
85
83
90
89
95
39
35
9
51
97
20
45
72
41
9
12
95
60
28
11
36
47
93
74
33
45
99
85
39
18
48
39
60
44
88
65
56
68
32
56
46
59
62
85
18
35
33
66
10
84
45
78
84
4
96
38
90
15
56
50
40
50
70
33
48
81
85
27
53
43
55
26
28
72
65
77
85
7
56
98
11
33
74
54
72
70
55
56
48
49
75
40
12
81
16
96
89
29
36
36
50
5
12
67
29
18
50
11
38
19
52
82
59
58
38
6
75
15
60
78
26
29
79
3
67
14
14
46
56
68
87
56
71
19
47
5
20
7
25
53
19
43
17
28
97
93
81
54
42
9
21
73
68
57
10
20
26
9
99
14
4
3
55
69
31
96
11
39
10
33
86
67
90
6
59
82
12
51
6
74
32
60
4
47
47
14
87
13
8
27
79
11
8
10
49
16
88
47
96
0
81
42
44
9
23
53
82
62
98
28
8
74
2
25
81
44
98
7
22
17
8
97
30
82
53
74
59
80
56
42
94
65
54
6
92
90
16
94
23
93
32
25
15
80
19
4
8
83
28
5
17
80
25
79
91
83
12
61
56
48
94
2
5
55
34
43
20
96
32
91
28
4
84
28
85
83
82
49
63
48
66
75
51
51
25
13
40
74
14
9
78
54
38
74
98
29
20
59
46
75
84
11
50
36
77
13
96
96
94
8
1
62
97
7
82
19
50
54
30
20
3
45
82
23
13
73
65
9
29
55
63
23
3
87
64
54
24
14
73
12
17
43
80
6
7
16
56
30
92
79
78
65
29
26
72
38
29
27
23
4
47
86
66
38
44
78
58
9
43
27
94
36
80
18
2
59
65
75
15
97
16
34
17
49
76
97
93
77
15
25
25
97
91
69
64
30
76
41
61
29
57
46
87
64
85
42
85
11
23
12
73
53
12
26
87
13
69
17
62
47
84
81
94
17
2
97
44
11
53
71
83
23
14
85
40
69
47
52
64
34
11
82
53
2
52
72
84
65
82
51
61
59
79
13
45
75
52
69
62
88
97
74
57
51
29
49
39
26
85
17
65
16
53
27
35
1
27
91
65
30
12
79
28
2
10
24
43
0
39
64
17
78
90
75
36
37
25
2
72
3
32
57
79
64
85
44
5
51
78
44
47
60
4
31
76
17
45
54
41
5
5
39
87
21
99
87
26
77
90
98
75
25
18
62
97
54
0
63
17
65
18
91
22
95
16
56
73
58
99
19
92
71
61
67
97
93
70
58
65
98
17
28
60
79
68
22
41
42
34
21
17
81
37
75
87
13
16
91
4
43
13
67
78
71
5
4
64
51
64
3
84
42
98
18
47
90
30
42
26
94
15
31
24
77
1
10
33
85
79
83
76
78
53
21
84
50
49
89
74
64
58
90
77
30
37
75
82
18
27
97
82
74
65
10
27
82
43
1
70
94
70
78
71
81
27
5
88
76
34
97
40
41
67
61
36
24
53
93
40
26
28
15
58
82
0
1
13
43
93
1
6
48
18
79
93
79
18
96
3
31
87
5
83
29
56
40
6
3
74
3
28
49
60
43
66
55
19
89
80
25
92
44
82
32
91
